-6.283185 0.500000
-6.183185 0.025584
-6.083185 0.005778
-5.983185 0.030717
-5.883185 0.067858
-5.783185 0.092247
-5.683185 0.099864
-5.583185 0.104789
-5.483185 0.120093
-5.383185 0.144132
-5.283185 0.165571
-5.183185 0.178251
-5.083185 0.187497
-4.983185 0.201988
-4.883185 0.222805
-4.783185 0.243088
-4.683185 0.257409
-4.583185 0.268362
-4.483185 0.282548
-4.383185 0.301914
-4.283185 0.321661
-4.183185 0.336834
-4.083185 0.348662
-3.983185 0.362619
-3.883185 0.381152
-3.783185 0.400659
-3.683185 0.416407
-3.583185 0.428728
-3.483185 0.442437
-3.383185 0.460417
-3.283185 0.479875
-3.183185 0.496100
-3.083185 0.508695
-2.983185 0.522084
-2.883185 0.539647
-2.783185 0.559221
-2.683185 0.575925
-2.583185 0.588638
-2.483185 0.601576
-2.383185 0.618777
-2.283185 0.638656
-2.183185 0.655938
-2.083185 0.668627
-1.983185 0.680879
-1.883185 0.697697
-1.783185 0.718165
-1.683185 0.736278
-1.583185 0.748775
-1.483185 0.759869
-1.383185 0.776158
-1.283185 0.797752
-1.183185 0.817333
-1.083185 0.829373
-0.983185 0.838142
-0.883185 0.853345
-0.783185 0.877449
-0.683185 0.900631
-0.583185 0.911717
-0.483185 0.913681
-0.383185 0.924175
-0.283185 0.957046
-0.183185 1.003471
-0.083185 1.033684
0.016815 0.242981
0.116815 0.063363
0.216815 0.030644
0.316815 0.031080
0.416815 0.057987
0.516815 0.089619
0.616815 0.108080
0.716815 0.114484
0.816815 0.122654
0.916815 0.141191
1.016815 0.164961
1.116815 0.183611
1.216815 0.194616
1.316815 0.205091
1.416815 0.221849
1.516815 0.243109
1.616815 0.261677
1.716815 0.274457
1.816815 0.285938
1.916815 0.301886
2.016815 0.321939
2.116815 0.340506
2.216815 0.354245
2.316815 0.366230
2.416815 0.381654
2.516815 0.401021
2.616815 0.419677
2.716815 0.434046
2.816815 0.446265
2.916815 0.461254
3.016815 0.480200
3.116815 0.499049
3.216815 0.513899
3.316815 0.526167
3.416815 0.540711
3.516815 0.559395
3.616815 0.578569
3.716815 0.593854
3.816815 0.605996
3.916815 0.620000
4.016815 0.638533
4.116815 0.658235
4.216815 0.673995
4.316815 0.685798
4.416815 0.699036
4.516815 0.717507
4.616815 0.738099
4.716815 0.754507
4.816815 0.765623
4.916815 0.777584
5.016815 0.796066
5.116815 0.818337
5.216815 0.835920
5.316815 0.845600
5.416815 0.854848
5.516815 0.873324
5.616815 0.899664
5.716815 0.920637
5.816815 0.926476
5.916815 0.925827
6.016815 0.941421
6.116815 0.989205
6.216815 1.076809
